
  0   1632    55  

  1   15175    170  

  2   11019    215  

  3   3894    231  

  4   3269    213  

  5   1716    154  

  6   477    103  

  7   5    107  

  8   16    100  

  9   12    78  

  10   44    72  

  11   33    90  

  12   99    100  

  13   142    94  

  14   316    85  

  15   343    138  

  16   632    147  

  17   752    211  

  18   886    255  

  19   1076    276  

  20   1556    351  

  21   2346    398  

  22   3820    492  

  23   10291    274  

  24   736    262  

  25   13    52  

  0   79    13  

  1   837    67  

  2   1697    122  

  3   1696    245  

  4   2345    257  

  5   2760    399  

  6   3172    466  

  7   3185    547  

  8   4453    639  

  9   5718    738  

  10   6249    747  

  11   4598    663  

  12   2425    592  

  13   2325    610  

  14   3524    563  

  15   3289    658  

  16   2928    579  

  17   2154    458  

  18   1313    367  

  19   453    225  

  20   189    144  

  21   72    124  

  22   62    67  

  23   46    52  

  24   52    27  

  25   5    27  

  0   1491    70  

  1   3122    73  

  2   2386    215  

  3   2243    249  

  4   2527    358  

  5   2652    353  

  6   2188    385  

  7   2236    385  

  8   2749    450  

  9   2350    430  

  10   2008    441  

  11   1389    421  

  12   1669    364  

  13   1524    322  

  14   1739    352  

  15   2564    405  

  16   4279    444  

  17   6378    459  

  18   5158    403  

  19   3828    333  

  20   1114    324  

  21   173    326  

  22   282    263  

  23   352    208  

  24   167    218  

  25   43    131  

  0   14606    101  

  1   9783    238  

  2   3510    287  

  3   2206    369  

  4   1800    287  

  5   1240    249  

  6   1289    188  

  7   997    154  

  8   192    119  

  9   29    113  

  10   84    93  

  11   166    107  

  12   526    88  

  13   622    127  

  14   461    157  

  15   546    177  

  16   962    215  

  17   1850    292  

  18   2583    410  

  19   2883    524  

  20   2960    657  

  21   3195    621  

  22   3280    610  

  23   2008    416  

  24   259    275  

  25   20    81  

  0   11530    285  

  1   24535    272  

  2   3523    264  

  3   122    121  

  4   30    79  

  5   73    87  

  6   141    78  

  7   114    87  

  8   144    94  

  9   453    104  

  10   648    144  

  11   653    172  

  12   1375    163  

  13   1096    167  

  14   888    200  

  15   1043    208  

  16   1211    225  

  17   1820    292  

  18   2689    333  

  19   4461    315  

  20   3790    201  

  21   499    108  

  22   77    48  

  23   5    24  

  24   0    7  

  25   0    1  

  0   323    25  

  1   3258    85  

  2   4006    217  

  3   4508    261  

  4   5867    409  

  5   7098    399  

  6   5760    356  

  7   4226    286  

  8   1423    216  

  9   645    182  

  10   275    162  

  11   353    129  

  12   360    140  

  13   469    167  

  14   524    189  

  15   522    262  

  16   775    283  

  17   738    313  

  18   665    320  

  19   698    375  

  20   707    409  

  21   1056    489  

  22   2286    593  

  23   10345    344  

  24   905    379  

  25   101    121  

  0   2358    101  

  1   15362    200  

  2   7273    304  

  3   5473    345  

  4   4491    350  

  5   3886    271  

  6   2729    215  

  7   1488    160  

  8   446    98  

  9   312    93  

  10   277    95  

  11   103    99  

  12   132    95  

  13   154    137  

  14   248    134  

  15   317    150  

  16   498    215  

  17   693    242  

  18   888    293  

  19   1272    371  

  20   1447    363  

  21   1620    424  

  22   2582    449  

  23   4375    297  

  24   551    337  

  25   58    137  

  0   393    19  

  1   10745    130  

  2   5465    208  

  3   3699    328  

  4   2844    294  

  5   2706    318  

  6   2213    291  

  7   1988    291  

  8   1552    258  

  9   1169    219  

  10   918    220  

  11   1075    188  

  12   954    228  

  13   648    243  

  14   812    282  

  15   1004    294  

  16   1307    389  

  17   1739    429  

  18   2374    391  

  19   3369    456  

  20   3088    486  

  21   4295    398  

  22   3067    274  

  23   640    211  

  24   32    71  

  25   5    8  

  0   161    48  

  1   3201    91  

  2   2518    134  

  3   1977    218  

  4   1905    193  

  5   1862    158  

  6   1377    206  

  7   1310    250  

  8   1354    345  

  9   1983    440  

  10   1899    557  

  11   2299    605  

  12   2055    526  

  13   1036    513  

  14   745    484  

  15   1119    448  

  16   1594    531  

  17   4241    585  

  18   10135    716  

  19   8616    591  

  20   3620    506  

  21   710    404  

  22   247    221  

  23   113    109  

  24   14    32  

  25   10    10  

  0   15247    174  

  1   7987    221  

  2   1206    230  

  3   108    215  

  4   80    130  

  5   42    160  

  6   57    150  

  7   67    123  

  8   70    153  

  9   342    148  

  10   691    163  

  11   1471    151  

  12   1151    217  

  13   1241    208  

  14   2165    247  

  15   2875    261  

  16   2926    296  

  17   3439    371  

  18   4153    422  

  19   4798    397  

  20   4373    260  

  21   2943    196  

  22   2079    117  

  23   362    39  

  24   0    21  

  25   0    0  

  0   0    9  

  1   1279    29  

  2   1727    68  

  3   2397    125  

  4   2611    241  

  5   3609    356  

  6   3373    460  

  7   3027    567  

  8   2437    582  

  9   2671    615  

  10   3424    648  

  11   3009    609  

  12   2733    676  

  13   2881    683  

  14   3674    631  

  15   11499    519  

  16   4445    482  

  17   989    284  

  18   377    196  

  19   187    131  

  20   132    120  

  21   95    90  

  22   128    56  

  23   8    47  

  24   12    35  

  25   5    28  

  0   14535    410  

  1   20574    365  

  2   2357    319  

  3   383    251  

  4   231    210  

  5   590    199  

  6   795    134  

  7   549    154  

  8   295    144  

  9   445    152  

  10   554    166  

  11   1070    179  

  12   1066    169  

  13   1296    215  

  14   1637    248  

  15   2037    257  

  16   1855    271  

  17   2601    303  

  18   2752    287  

  19   2522    275  

  20   1392    163  

  21   416    72  

  22   34    16  

  23   0    5  

  24   0    0  

  25   0    0  

  0   2173    106  

  1   21210    202  

  2   10192    200  

  3   957    250  

  4   175    216  

  5   97    194  

  6   49    170  

  7   37    173  

  8   40    177  

  9   126    205  

  10   495    223  

  11   744    265  

  12   743    328  

  13   776    363  

  14   979    468  

  15   1193    559  

  16   1627    546  

  17   1583    708  

  18   2077    664  

  19   2257    683  

  20   2719    657  

  21   3213    548  

  22   2457    329  

  23   538    176  

  24   28    89  

  25   0    16  

  0   26005    141  

  1   9002    186  

  2   288    221  

  3   41    155  

  4   5    141  

  5   96    114  

  6   311    92  

  7   196    128  

  8   228    126  

  9   323    124  

  10   311    179  

  11   453    171  

  12   773    270  

  13   1227    328  

  14   1870    452  

  15   2264    465  

  16   2445    499  

  17   2830    562  

  18   3620    500  

  19   2953    510  

  20   1744    370  

  21   1110    253  

  22   640    98  

  23   104    54  

  24   7    8  

  25   0    1  

  0   353    35  

  1   15604    113  

  2   11158    234  

  3   4131    241  

  4   1717    263  

  5   1045    197  

  6   753    192  

  7   897    179  

  8   662    135  

  9   321    131  

  10   163    147  

  11   161    152  

  12   180    137  

  13   162    158  

  14   178    155  

  15   210    174  

  16   343    195  

  17   590    257  

  18   646    325  

  19   907    411  

  20   1068    634  

  21   1767    725  

  22   2906    976  

  23   8874    580  

  24   2515    552  

  25   140    239  

  0   5629    177  

  1   26296    150  

  2   1797    192  

  3   239    203  

  4   32    130  

  5   37    118  

  6   44    122  

  7   209    110  

  8   233    114  

  9   83    140  

  10   238    116  

  11   298    143  

  12   535    128  

  13   542    196  

  14   578    245  

  15   935    301  

  16   1104    356  

  17   1325    423  

  18   1587    436  

  19   2020    512  

  20   2561    540  

  21   3731    526  

  22   4494    533  

  23   3554    313  

  24   513    126  

  25   11    30  

  0   116    57  

  1   9231    113  

  2   6888    251  

  3   5682    338  

  4   6961    503  

  5   4062    467  

  6   2002    417  

  7   1400    351  

  8   858    379  

  9   1220    377  

  10   2221    308  

  11   3139    324  

  12   3634    406  

  13   3964    391  

  14   3892    307  

  15   2111    189  

  16   1824    66  

  17   526    37  

  18   0    5  

  19   0    5  

  20   0    3  

  21   0    0  

  22   0    0  

  23   0    0  

  24   0    0  

  25   0    0  

  0   22335    180  

  1   11352    284  

  2   1245    284  

  3   145    212  

  4   93    168  

  5   132    142  

  6   199    155  

  7   276    119  

  8   403    91  

  9   500    119  

  10   637    160  

  11   633    185  

  12   947    201  

  13   1328    251  

  14   1288    269  

  15   1401    358  

  16   1452    396  

  17   1969    397  

  18   2634    402  

  19   2001    393  

  20   2789    339  

  21   2020    254  

  22   2059    184  

  23   1459    75  

  24   35    32  

  25   0    1  

  0   2060    141  

  1   21652    228  

  2   7832    349  

  3   2158    344  

  4   1532    288  

  5   1459    279  

  6   730    214  

  7   321    195  

  8   203    186  

  9   271    207  

  10   510    187  

  11   523    208  

  12   872    211  

  13   1028    232  

  14   1049    303  

  15   1209    303  

  16   2140    308  

  17   2917    314  

  18   3502    352  

  19   4298    261  

  20   2378    215  

  21   673    144  

  22   65    83  

  23   49    19  

  24   0    7  

  25   0    0  

  0   929    149  

  1   8133    299  

  2   5992    487  

  3   4476    607  

  4   4995    557  

  5   4681    553  

  6   2990    387  

  7   1474    307  

  8   637    226  

  9   271    163  

  10   120    144  

  11   152    164  

  12   70    153  

  13   177    145  

  14   320    187  

  15   492    242  

  16   541    224  

  17   749    277  

  18   1059    293  

  19   1853    356  

  20   2719    446  

  21   4071    506  

  22   5322    472  

  23   4664    304  

  24   250    167  

  25   8    46  
