
  0   7198    580  

  1   30647    981  

  2   15279    941  

  3   5391    565  

  4   1539    323  

  5   489    227  

  6   172    153  

  7   51    103  

  8   59    83  

  9   20    105  

  10   34    37  

  11   0    27  

  12   0    12  

  13   0    3  

  14   0    1  

  15   0    0  

  16   0    0  

  17   0    0  

  18   0    0  

  19   0    0  

  20   0    0  

  21   0    0  

  22   0    0  

  23   0    0  

  24   0    0  

  25   0    0  

  0   4573    326  

  1   9876    632  

  2   7762    848  

  3   6323    1122  

  4   6254    1066  

  5   5467    1009  

  6   4174    831  

  7   3568    682  

  8   3180    555  

  9   2037    440  

  10   1547    253  

  11   703    199  

  12   219    159  

  13   241    105  

  14   194    84  

  15   109    68  

  16   140    50  

  17   84    22  

  18   6    25  

  19   12    26  

  20   18    6  

  21   5    7  

  22   7    2  

  23   0    3  

  24   0    1  

  25   0    0  

  0   2870    213  

  1   12206    431  

  2   9787    729  

  3   7726    967  

  4   7029    956  

  5   6199    862  

  6   4783    783  

  7   2890    628  

  8   2135    411  

  9   1256    306  

  10   850    186  

  11   198    171  

  12   99    109  

  13   22    69  

  14   5    30  

  15   0    31  

  16   0    23  

  17   0    24  

  18   0    15  

  19   0    10  

  20   0    4  

  21   0    1  

  22   0    0  

  23   0    0  

  24   0    0  

  25   0    0  

  0   19921    511  

  1   16961    973  

  2   6889    1007  

  3   4359    858  

  4   3460    739  

  5   3231    574  

  6   2033    483  

  7   1490    270  

  8   839    160  

  9   64    84  

  10   9    45  

  11   0    32  

  12   0    11  

  13   0    7  

  14   0    3  

  15   0    0  

  16   0    0  

  17   0    0  

  18   0    0  

  19   0    0  

  20   0    0  

  21   0    0  

  22   0    0  

  23   0    0  

  24   0    0  

  25   0    0  

  0   12564    334  

  1   21859    280  

  2   4478    303  

  3   977    218  

  4   138    140  

  5   198    140  

  6   377    150  

  7   494    170  

  8   1071    185  

  9   952    228  

  10   1199    221  

  11   1440    252  

  12   1876    284  

  13   1559    314  

  14   1583    322  

  15   1394    350  

  16   1492    290  

  17   1745    241  

  18   1617    163  

  19   1710    103  

  20   1187    76  

  21   192    46  

  22   0    18  

  23   0    0  

  24   0    0  

  25   0    0  

  0   2627    271  

  1   9113    651  

  2   12235    953  

  3   10997    871  

  4   7762    793  

  5   3847    543  

  6   2812    427  

  7   3513    404  

  8   3250    302  

  9   1571    245  

  10   1108    163  

  11   285    119  

  12   39    60  

  13   11    22  

  14   6    4  

  15   0    2  

  16   0    0  

  17   0    0  

  18   0    0  

  19   0    0  

  20   0    0  

  21   0    0  

  22   0    0  

  23   0    0  

  24   0    0  

  25   0    0  

  0   3139    150  

  1   15826    246  

  2   7943    462  

  3   5829    467  

  4   4167    483  

  5   3651    388  

  6   3326    380  

  7   2379    301  

  8   996    318  

  9   444    323  

  10   577    301  

  11   614    323  

  12   845    352  

  13   1223    320  

  14   1268    369  

  15   1457    283  

  16   1213    280  

  17   1027    219  

  18   923    181  

  19   827    122  

  20   612    68  

  21   327    21  

  22   28    18  

  23   0    2  

  24   0    0  

  25   0    0  

  0   1138    132  

  1   13794    180  

  2   6838    432  

  3   4163    463  

  4   3626    458  

  5   3714    461  

  6   2855    506  

  7   3287    581  

  8   3077    590  

  9   2398    455  

  10   1789    469  

  11   1868    422  

  12   1352    403  

  13   1289    287  

  14   1151    264  

  15   1028    191  

  16   981    144  

  17   964    116  

  18   833    105  

  19   971    78  

  20   612    55  

  21   373    28  

  22   83    18  

  23   0    0  

  24   0    0  

  25   0    0  

  0   974    173  

  1   10926    320  

  2   9508    683  

  3   7440    858  

  4   6789    981  

  5   6234    1139  

  6   5250    1011  

  7   3742    1009  

  8   2934    800  

  9   1674    616  

  10   641    383  

  11   204    228  

  12   77    132  

  13   44    79  

  14   28    37  

  15   8    28  

  16   10    8  

  17   5    10  

  18   13    8  

  19   10    6  

  20   5    0  

  21   0    0  

  22   0    0  

  23   0    0  

  24   0    0  

  25   0    0  

  0   26274    680  

  1   20170    1131  

  2   5491    788  

  3   4474    619  

  4   2920    432  

  5   957    282  

  6   193    185  

  7   69    120  

  8   32    44  

  9   8    27  

  10   5    12  

  11   0    7  

  12   0    3  

  13   0    1  

  14   0    0  

  15   0    0  

  16   0    0  

  17   0    0  

  18   0    0  

  19   0    0  

  20   0    0  

  21   0    0  

  22   0    0  

  23   0    0  

  24   0    0  

  25   0    0  

  0   10568    407  

  1   13822    631  

  2   5974    652  

  3   4902    565  

  4   4340    612  

  5   3654    616  

  6   3156    530  

  7   3250    417  

  8   2502    362  

  9   1772    337  

  10   1649    270  

  11   1192    221  

  12   762    197  

  13   292    181  

  14   288    144  

  15   242    84  

  16   129    88  

  17   77    43  

  18   27    32  

  19   0    19  

  20   0    13  

  21   0    4  

  22   0    2  

  23   0    0  

  24   0    0  

  25   0    0  

  0   17132    435  

  1   19068    668  

  2   2565    369  

  3   701    310  

  4   972    258  

  5   940    265  

  6   818    307  

  7   1151    332  

  8   1741    306  

  9   1764    276  

  10   1868    308  

  11   1745    280  

  12   1699    286  

  13   2389    294  

  14   1953    204  

  15   1014    153  

  16   720    116  

  17   830    82  

  18   480    57  

  19   51    31  

  20   0    16  

  21   0    0  

  22   0    0  

  23   0    0  

  24   0    0  

  25   0    0  

  0   3122    159  

  1   22602    243  

  2   7591    299  

  3   2294    331  

  4   571    268  

  5   732    360  

  6   1164    439  

  7   1355    512  

  8   1270    604  

  9   965    693  

  10   967    707  

  11   1043    736  

  12   1022    770  

  13   1113    743  

  14   1328    663  

  15   1469    583  

  16   1493    436  

  17   1228    344  

  18   1181    271  

  19   1093    171  

  20   873    105  

  21   762    42  

  22   221    18  

  23   6    0  

  24   0    0  

  25   0    0  

  0   26427    207  

  1   8993    285  

  2   522    229  

  3   427    228  

  4   615    302  

  5   920    305  

  6   1019    350  

  7   1320    427  

  8   2000    480  

  9   2452    522  

  10   2977    623  

  11   3506    635  

  12   3407    628  

  13   2282    525  

  14   1241    300  

  15   451    184  

  16   91    88  

  17   0    31  

  18   0    2  

  19   0    1  

  20   0    0  

  21   0    0  

  22   0    0  

  23   0    0  

  24   0    0  

  25   0    0  

  0   2530    357  

  1   18763    666  

  2   13907    896  

  3   5478    822  

  4   2709    744  

  5   2625    679  

  6   2538    678  

  7   2783    537  

  8   2815    462  

  9   2136    332  

  10   1328    227  

  11   591    137  

  12   174    61  

  13   32    12  

  14   0    3  

  15   0    3  

  16   0    0  

  17   0    0  

  18   0    0  

  19   0    0  

  20   0    0  

  21   0    0  

  22   0    0  

  23   0    0  

  24   0    0  

  25   0    0  

  0   8563    327  

  1   25090    523  

  2   2317    457  

  3   1645    494  

  4   1656    548  

  5   2131    654  

  6   2891    679  

  7   3772    627  

  8   3662    602  

  9   2888    493  

  10   2626    319  

  11   1415    160  

  12   280    76  

  13   18    9  

  14   0    1  

  15   0    0  

  16   0    0  

  17   0    0  

  18   0    0  

  19   0    0  

  20   0    0  

  21   0    0  

  22   0    0  

  23   0    0  

  24   0    0  

  25   0    0  

  0   673    163  

  1   24949    487  

  2   23176    855  

  3   7625    621  

  4   3467    359  

  5   1560    229  

  6   313    153  

  7   105    97  

  8   18    62  

  9   0    40  

  10   12    15  

  11   0    13  

  12   0    10  

  13   0    7  

  14   0    4  

  15   0    6  

  16   0    5  

  17   0    1  

  18   0    0  

  19   0    0  

  20   0    0  

  21   0    0  

  22   0    0  

  23   0    0  

  24   0    0  

  25   0    0  

  0   23695    278  

  1   11723    457  

  2   2004    397  

  3   686    385  

  4   776    349  

  5   1057    326  

  6   1250    371  

  7   1784    367  

  8   2054    412  

  9   2479    405  

  10   2279    465  

  11   2136    346  

  12   2160    321  

  13   1302    272  

  14   858    224  

  15   887    173  

  16   1067    129  

  17   814    81  

  18   135    54  

  19   0    7  

  20   0    1  

  21   0    0  

  22   0    0  

  23   0    0  

  24   0    0  

  25   0    0  

  0   3811    242  

  1   21344    359  

  2   10425    525  

  3   5225    537  

  4   4160    511  

  5   3202    452  

  6   2490    387  

  7   2696    313  

  8   2668    261  

  9   2357    229  

  10   1475    156  

  11   718    85  

  12   267    33  

  13   44    14  

  14   12    7  

  15   0    2  

  16   0    0  

  17   0    0  

  18   0    0  

  19   0    0  

  20   0    0  

  21   0    0  

  22   0    0  

  23   0    0  

  24   0    0  

  25   0    0  

  0   1713    297  

  1   10781    575  

  2   9800    905  

  3   6646    1001  

  4   6836    980  

  5   7815    894  

  6   6262    809  

  7   4725    577  

  8   2161    368  

  9   1110    185  

  10   399    100  

  11   0    57  

  12   0    15  

  13   0    2  

  14   0    0  

  15   0    0  

  16   0    0  

  17   0    0  

  18   0    0  

  19   0    0  

  20   0    0  

  21   0    0  

  22   0    0  

  23   0    0  

  24   0    0  

  25   0    0  
