
  0   2102    97  

  1   14998    192  

  2   9085    304  

  3   5046    290  

  4   2703    224  

  5   1823    203  

  6   1491    184  

  7   713    181  

  8   437    194  

  9   620    237  

  10   997    249  

  11   1668    320  

  12   2488    338  

  13   2363    356  

  14   2973    361  

  15   2708    402  

  16   3019    285  

  17   2465    177  

  18   1634    129  

  19   786    44  

  20   115    22  

  21   0    0  

  22   0    0  

  23   0    0  

  24   0    0  

  25   0    0  

  0   12098    254  

  1   4342    693  

  2   1998    604  

  3   1492    528  

  4   1913    526  

  5   2303    550  

  6   2906    540  

  7   3626    596  

  8   4325    669  

  9   4736    597  

  10   3407    585  

  11   3467    557  

  12   3543    457  

  13   2958    349  

  14   1987    273  

  15   898    193  

  16   413    108  

  17   401    38  

  18   37    40  

  19   0    9  

  20   0    5  

  21   0    4  

  22   0    0  

  23   0    0  

  24   0    0  

  25   0    0  

  0   29559    376  

  1   8850    873  

  2   2503    596  

  3   1948    517  

  4   2163    517  

  5   1980    490  

  6   1779    465  

  7   1878    450  

  8   1624    408  

  9   1447    422  

  10   1637    376  

  11   1654    311  

  12   581    245  

  13   520    182  

  14   225    135  

  15   52    84  

  16   25    45  

  17   17    28  

  18   18    14  

  19   7    5  

  20   0    4  

  21   0    1  

  22   0    3  

  23   0    0  

  24   0    0  

  25   0    0  

  0   22625    416  

  1   12915    926  

  2   5508    901  

  3   4304    812  

  4   3876    783  

  5   3298    690  

  6   2748    455  

  7   1539    395  

  8   1629    206  

  9   697    103  

  10   66    67  

  11   0    28  

  12   0    16  

  13   0    8  

  14   0    3  

  15   0    0  

  16   0    0  

  17   0    0  

  18   0    0  

  19   0    0  

  20   0    0  

  21   0    0  

  22   0    0  

  23   0    0  

  24   0    0  

  25   0    0  

  0   14520    322  

  1   19247    400  

  2   3845    230  

  3   1743    184  

  4   127    121  

  5   211    99  

  6   147    124  

  7   328    115  

  8   573    151  

  9   672    169  

  10   1092    173  

  11   1321    193  

  12   1271    242  

  13   1265    262  

  14   1493    264  

  15   2344    278  

  16   2798    309  

  17   2712    290  

  18   2759    161  

  19   1812    100  

  20   192    73  

  21   0    18  

  22   0    4  

  23   0    0  

  24   0    0  

  25   0    0  

  0   1534    88  

  1   4719    275  

  2   6932    482  

  3   9660    715  

  4   9117    674  

  5   6534    568  

  6   3033    519  

  7   1973    458  

  8   1248    452  

  9   1387    420  

  10   1906    363  

  11   1955    352  

  12   2536    261  

  13   2327    209  

  14   2013    175  

  15   1170    117  

  16   575    68  

  17   175    25  

  18   0    5  

  19   0    0  

  20   0    0  

  21   0    0  

  22   0    0  

  23   0    0  

  24   0    0  

  25   0    0  

  0   4027    260  

  1   14027    350  

  2   6520    452  

  3   4897    496  

  4   5393    553  

  5   3681    446  

  6   3235    471  

  7   3390    453  

  8   3062    401  

  9   1609    358  

  10   1529    334  

  11   1583    348  

  12   1696    339  

  13   1272    293  

  14   1284    217  

  15   1122    129  

  16   578    84  

  17   66    44  

  18   0    16  

  19   0    3  

  20   0    0  

  21   0    0  

  22   0    0  

  23   0    0  

  24   0    0  

  25   0    0  

  0   1935    165  

  1   10849    302  

  2   5298    548  

  3   3649    594  

  4   3865    626  

  5   3191    575  

  6   3464    592  

  7   4284    579  

  8   3011    490  

  9   2431    467  

  10   2114    370  

  11   1989    332  

  12   2422    265  

  13   2753    227  

  14   1959    164  

  15   1330    140  

  16   643    84  

  17   522    63  

  18   581    44  

  19   816    40  

  20   701    28  

  21   407    11  

  22   103    2  

  23   0    0  

  24   0    0  

  25   0    0  

  0   26691    465  

  1   10115    1209  

  2   2776    885  

  3   1833    641  

  4   2183    430  

  5   1992    283  

  6   1336    271  

  7   993    238  

  8   1142    238  

  9   1027    289  

  10   1370    329  

  11   1759    283  

  12   1152    328  

  13   1545    214  

  14   1472    198  

  15   911    136  

  16   160    79  

  17   0    35  

  18   0    8  

  19   0    4  

  20   0    0  

  21   0    0  

  22   0    0  

  23   0    0  

  24   0    0  

  25   0    0  

  0   15929    204  

  1   7358    373  

  2   1219    258  

  3   220    224  

  4   251    205  

  5   308    212  

  6   708    207  

  7   1110    271  

  8   2134    283  

  9   2145    302  

  10   2526    267  

  11   3127    299  

  12   3384    303  

  13   4163    321  

  14   4551    364  

  15   5303    328  

  16   3490    229  

  17   1836    113  

  18   366    48  

  19   0    3  

  20   0    0  

  21   0    0  

  22   0    0  

  23   0    0  

  24   0    0  

  25   0    0  

  0   20199    255  

  1   5681    677  

  2   2494    528  

  3   2637    455  

  4   2578    399  

  5   2275    362  

  6   2308    388  

  7   2676    500  

  8   2703    460  

  9   1825    440  

  10   1434    427  

  11   1708    320  

  12   2493    318  

  13   2282    296  

  14   1672    235  

  15   1307    202  

  16   911    153  

  17   598    120  

  18   353    87  

  19   140    50  

  20   42    23  

  21   0    7  

  22   0    5  

  23   0    2  

  24   0    0  

  25   0    0  

  0   15820    358  

  1   18542    433  

  2   2207    359  

  3   1113    232  

  4   311    239  

  5   975    175  

  6   711    221  

  7   621    191  

  8   665    182  

  9   756    239  

  10   1308    239  

  11   1516    225  

  12   1555    266  

  13   1952    309  

  14   2176    313  

  15   2440    293  

  16   2702    268  

  17   2690    210  

  18   1477    132  

  19   434    52  

  20   40    22  

  21   0    1  

  22   0    0  

  23   0    0  

  24   0    0  

  25   0    0  

  0   4690    305  

  1   20403    478  

  2   8558    680  

  3   6132    679  

  4   1934    629  

  5   804    648  

  6   893    650  

  7   1018    591  

  8   1074    641  

  9   991    669  

  10   807    647  

  11   866    543  

  12   773    505  

  13   730    449  

  14   820    403  

  15   886    333  

  16   1060    232  

  17   1204    180  

  18   916    102  

  19   638    37  

  20   359    14  

  21   24    7  

  22   0    0  

  23   0    0  

  24   0    0  

  25   0    0  

  0   27724    155  

  1   8451    518  

  2   920    315  

  3   911    387  

  4   1235    368  

  5   1779    431  

  6   2260    459  

  7   2911    534  

  8   3611    632  

  9   3853    631  

  10   2937    627  

  11   1542    462  

  12   697    247  

  13   161    148  

  14   17    69  

  15   0    14  

  16   0    3  

  17   0    0  

  18   0    0  

  19   0    0  

  20   0    0  

  21   0    0  

  22   0    0  

  23   0    0  

  24   0    0  

  25   0    0  

  0   1717    145  

  1   16390    342  

  2   10038    498  

  3   6028    549  

  4   4151    583  

  5   1769    550  

  6   1691    608  

  7   1737    643  

  8   2028    636  

  9   2304    616  

  10   2699    589  

  11   2436    425  

  12   2078    370  

  13   1604    241  

  14   802    173  

  15   343    93  

  16   98    36  

  17   5    10  

  18   0    0  

  19   0    0  

  20   0    0  

  21   0    0  

  22   0    0  

  23   0    0  

  24   0    0  

  25   0    0  

  0   11178    210  

  1   19738    352  

  2   2327    187  

  3   588    179  

  4   1032    176  

  5   667    216  

  6   1040    273  

  7   1273    363  

  8   1640    511  

  9   2606    623  

  10   3179    557  

  11   2208    620  

  12   2361    521  

  13   2146    493  

  14   2157    417  

  15   2140    248  

  16   1322    132  

  17   850    80  

  18   345    30  

  19   24    6  

  20   0    0  

  21   0    0  

  22   0    0  

  23   0    0  

  24   0    0  

  25   0    0  

  0   23081    187  

  1   15105    538  

  2   7036    325  

  3   4463    312  

  4   3176    306  

  5   2556    240  

  6   2592    241  

  7   1867    188  

  8   1327    164  

  9   453    125  

  10   108    104  

  11   191    66  

  12   86    55  

  13   40    26  

  14   0    26  

  15   0    18  

  16   5    6  

  17   0    3  

  18   5    3  

  19   0    1  

  20   0    0  

  21   0    0  

  22   0    0  

  23   0    0  

  24   0    0  

  25   0    0  

  0   23497    175  

  1   9703    495  

  2   2025    236  

  3   362    180  

  4   364    137  

  5   580    145  

  6   877    162  

  7   1230    213  

  8   1220    259  

  9   1084    335  

  10   1244    388  

  11   1826    419  

  12   2520    564  

  13   3366    465  

  14   3063    485  

  15   3332    322  

  16   2290    223  

  17   929    97  

  18   104    22  

  19   0    3  

  20   0    1  

  21   0    0  

  22   0    0  

  23   0    0  

  24   0    0  

  25   0    0  

  0   18422    521  

  1   24769    795  

  2   9199    543  

  3   3419    416  

  4   2123    313  

  5   1164    169  

  6   995    103  

  7   1133    71  

  8   472    38  

  9   241    19  

  10   63    8  

  11   0    0  

  12   0    0  

  13   0    0  

  14   0    0  

  15   0    0  

  16   0    0  

  17   0    0  

  18   0    0  

  19   0    0  

  20   0    0  

  21   0    0  

  22   0    0  

  23   0    0  

  24   0    0  

  25   0    0  

  0   1710    296  

  1   10751    410  

  2   6975    720  

  3   5677    902  

  4   6250    957  

  5   7422    1036  

  6   7038    909  

  7   5725    750  

  8   3171    548  

  9   1832    344  

  10   768    190  

  11   261    89  

  12   126    37  

  13   85    23  

  14   12    0  

  15   0    2  

  16   0    0  

  17   0    0  

  18   0    0  

  19   0    0  

  20   0    0  

  21   0    0  

  22   0    0  

  23   0    0  

  24   0    0  

  25   0    0  
